0 -8.58212e-06 -1.79942e-05  -0.00010826 0.161194 0.986765 0.000217875 0.0176516
1   0.96658 -0.275938 0.0178054 0.164738 0.986217 0.00287475 0.0151121
2   1.91438  -0.61331 0.0181217 0.172388 0.984955 0.00468263 0.0111716
3  0.957268 -0.274481 0.0161855 0.137146 0.990506 0.00437924 0.00828756
4   0.196459 -0.0703898  0.0154497 0.0346566 0.999264 0.00550684 0.0154998
5 0.0641392 -0.035209 0.0187113 -0.0667273 0.997484 0.00651772 0.0230543
6 -0.0486072 -0.0173799  0.0173501 -0.166879 0.985773 0.0100097 0.0174216
7  -0.173204 -0.0373435  0.0166681 -0.271913 0.962242 0.00789104 0.00955229
8  -0.300687 -0.0782737  0.0170739 -0.369152 0.92926 0.00779057 0.0119077
9 -0.420158 -0.154137 0.0172121 -0.466733 0.884314 0.0079171 0.00932415
10  -0.50761 -0.259545 0.0171504 -0.553007 0.832917 0.0155594 0.0137998
11 -0.916218  -1.17235 0.0172207 -0.589071 0.807886 0.0132088 0.0118756
12  -1.28707   -2.1207 0.0211943 -0.589864 0.807438 0.00983258 0.00289867
13  -1.53732  -3.08495 0.0199301 -0.66754 0.744484 0.0110648 0.00336902
14  -1.56372  -4.03204 0.0214644 0.740014 -0.672571 -0.00316227 0.00419566
15  -1.45301  -4.15389 0.0162471 0.807343 -0.589658 -0.0205618 -0.0088273
16  -1.35696  -4.28696 0.0189058 0.867295 -0.497762 -0.00513474 0.00255001
17  -1.31338   -4.2717 0.0194768 0.912989 -0.407382 -0.0217762 -0.00398318
18  -1.23824   -4.3053 0.0203781 0.951714 -0.306892 -0.00753644 0.000467238
19  -1.21778  -4.31957 0.0190063 0.978464 -0.205913 -0.0143726 0.00150723
20  -1.22504  -4.34824 0.0208513 0.995544 -0.0941711 -0.00489976 0.000490354
21  -1.32546  -4.36764 0.0222462 0.999802 0.0122198 -0.0152436 0.00372818
22  -1.28308  -4.31247 0.0203565 0.9928 0.119173 -0.0041984 0.0113226
23 -1.27878 -4.06516 0.020696 0.974795 0.222673 -0.0123139 0.00624802
24  -1.28754   -3.8176 0.0232115 0.944634 0.327925 -0.00764573 0.00858128
25  -1.35346  -3.62888 0.0207607 0.905207 0.424786 -0.00962346 0.00797423
26   -1.4204  -3.44317 0.0225759 0.856777 0.51557 -0.0026368 0.0106385
27  -1.51262  -3.24407 0.0245311 0.800271 0.599373 -0.0152493 0.00930857
28  -1.34376  -2.23094 0.0231915 0.813939 0.58078 -0.00879801 0.0109504
29  -1.04888  -1.24835 0.0227589 0.80931 0.587262 -0.00603561 0.0102335
30 -0.750289 -0.261544 0.0196497 0.794356 0.607269 -0.0084562 0.0123162
31 -0.473518  0.721033 0.0172542 0.781691 0.623568 -0.00412511 0.0102154
32 -0.313998   1.59799 0.0197626 0.714894 0.698894 -0.0113795 0.0185693
33 -0.415913    2.2491 0.0176591 0.640613 0.767346 -0.012813 0.0251323
34 -0.577644    3.2549 0.0172643 0.696359 0.717559 -0.00534644 0.0128257
35 -0.489525   3.85847 0.0161749 0.764788 0.644116 -0.00538386 0.0135605
36 -0.310025   4.85394 0.0174044 0.760243 0.649579 -0.000569778 0.00885567
37 -0.0096671    5.81369  0.0172243 0.813904 0.580982 0.000133587 0.00451278
